{
  "keyframes": [
    {
      "matrix": "[0.7068032281728627,0.7074102039442323,-1.1102230246251565e-16,0,-0.20516377706283723,0.20498774137499254,0.9570202978345286,0,0.6770059240698936,-0.6764250359363991,0.2900209467136992,0,1.8153359470423938,-1.8137783430799301,0.777667419510336,1]",
      "fov": 50,
      "aspect": 1,
      "properties": "[[\"FOV\",50],[\"NAME\",\"Camera 0\"],[\"TIME\",0]]"
    },
    {
      "matrix": "[0.7068032281728627,0.7074102039442322,-1.1102230246251565e-16,0,-0.20516377706283728,0.20498774137499276,0.9570202978345284,0,0.6770059240698936,-0.6764250359363992,0.2900209467136995,0,0.6072338603011781,-0.6067128383556323,0.2601314593858416,1]",
      "fov": 50,
      "aspect": 1,
      "properties": "[[\"FOV\",50],[\"NAME\",\"Camera 1\"],[\"TIME\",0.25]]"
    },
    {
      "matrix": "[-0.35408027531465525,0.9352150333656415,0,0,-0.21214211974052427,-0.08031879031417533,0.97393255051593,0,0.9108363627266398,0.344850305624585,0.22683779897877565,0,1.8241149934168464,0.6906252744357951,0.4542838287134172,1]",
      "fov": 50,
      "aspect": 1,
      "properties": "[[\"FOV\",50],[\"NAME\",\"Camera 2\"],[\"TIME\",0.5]]"
    },
    {
      "matrix": "[-0.9998282918570227,-0.01853069891474933,-1.7347234759768075e-18,0,0.005390188224153059,-0.29082889478352403,0.9567598966459152,0,-0.01772942957845214,0.9565956131807867,0.29087884104915174,0,-0.03550639790221997,1.9157561907347171,0.5825376290831237,1]",
      "fov": 50,
      "aspect": 1,
      "properties": "[[\"FOV\",50],[\"NAME\",\"Camera 3\"],[\"TIME\",0.75]]"
    },
    {
      "matrix": "[0.5704961695531744,-0.8213002620997727,5.551115123125782e-17,0,0.34448946025758,0.23929119056401238,0.9077812169735056,0,-0.7455609514295909,-0.5178857070757041,0.41944399162474755,0,-1.441200135382599,-1.0010944775461508,0.8108025726882393,1]",
      "fov": 50,
      "aspect": 1,
      "properties": "[[\"FOV\",50],[\"NAME\",\"Camera 5\"],[\"TIME\",1]]"
    }
  ],
  "camera_type": "perspective",
  "render_height": 1080,
  "render_width": 1920,
  "camera_path": [
    {
      "camera_to_world": [
        0.7068032281728627,
        -0.20516377706283717,
        0.6770059240698938,
        1.8153359470423938,
        0.7074102039442323,
        0.20498774137499248,
        -0.6764250359363994,
        -1.8137783430799301,
        -1.3877787807814454e-16,
        0.9570202978345286,
        0.2900209467136992,
        0.777667419510336,
        0,
        0,
        0,
        1
      ],
      "fov": 50,
      "aspect": 1
    },
    {
      "camera_to_world": [
        0.691434692095587,
        -0.2044871090665325,
        0.6928947169608765,
        1.8600083943167236,
        0.7224318734900447,
        0.191458040541914,
        -0.6644065072510316,
        -1.8032202878757126,
        0.0032023011015820954,
        0.9599629372728212,
        0.28010873661882096,
        0.7636943825821214,
        0,
        0,
        0,
        1
      ],
      "fov": 50,
      "aspect": 1
    },
    {
      "camera_to_world": [
        0.6792957912606962,
        -0.20327070032846484,
        0.7051512251733525,
        1.892852468877044,
        0.7338394093978172,
        0.18019052132183136,
        -0.6549893871204551,
        -1.791108542934263,
        0.00607858455297239,
        0.9623992926087083,
        0.27157071343591205,
        0.7491226476268984,
        0,
        0,
        0,
        1
      ],
      "fov": 50,
      "aspect": 1
    },
    {
      "camera_to_world": [
        0.6700432214738654,
        -0.2017753073675583,
        0.7143730164932407,
        1.9145215135558222,
        0.742271713523633,
        0.17090531163113376,
        -0.6479383286694458,
        -1.777442867298807,
        0.00864781241784908,
        0.964405568105552,
        0.26428604871879496,
        0.7340007253157025,
        0,
        0,
        0,
        1
      ],
      "fov": 50,
      "aspect": 1
    },
    {
      "camera_to_world": [
        0.663353435119446,
        -0.20017189445910613,
        0.7210363602370433,
        1.9256688711855259,
        0.7482264317241006,
        0.16335629905614596,
        -0.6430178274574498,
        -1.7622230200125688,
        0.010928265399898914,
        0.9660465476504386,
        0.2581368644498842,
        0.7183771263195696,
        0,
        0,
        0,
        1
      ],
      "fov": 50,
      "aspect": 1
    },
    {
      "camera_to_world": [
        0.6589291078594595,
        -0.1985689136578872,
        0.7255224444111039,
        1.926947884598622,
        0.7520937894830687,
        0.15733145815365412,
        -0.640001362573739,
        -1.7454487601187738,
        0.012936871203432492,
        0.9673764514417186,
        0.2530127241059119,
        0.7023003613095354,
        0,
        0,
        0,
        1
      ],
      "fov": 50,
      "aspect": 1
    },
    {
      "camera_to_world": [
        0.6565002009197404,
        -0.19703161502736544,
        0.7281387428725713,
        1.9190118966275789,
        0.7541828159709987,
        0.152649845014645,
        -0.638675430019865,
        -1.727119846660647,
        0.014688985206454664,
        0.9684402756477618,
        0.24881251217913378,
        0.6858189409566359,
        0,
        0,
        0,
        1
      ],
      "fov": 50,
      "aspect": 1
    },
    {
      "camera_to_world": [
        0.6558223132494242,
        -0.19559560459597497,
        0.7291361004002678,
        1.9025142501048626,
        0.7547414821846027,
        0.1491573556855514,
        -0.6388406517392918,
        -1.7072360386814136,
        0.01619841084685482,
        0.9692752151518313,
        0.2454448385654251,
        0.6689813759319064,
        0,
        0,
        0,
        1
      ],
      "fov": 50,
      "aspect": 1
    },
    {
      "camera_to_world": [
        0.6566738389627522,
        -0.1942763572464329,
        0.7287222833404902,
        1.8781082878629423,
        0.7539721512417894,
        0.14672229794849487,
        -0.6403113011938344,
        -1.6857970952242984,
        0.01747753912167077,
        0.9699119879142486,
        0.24282765766378633,
        0.6518361769063833,
        0,
        0,
        0,
        1
      ],
      "fov": 50,
      "aspect": 1
    },
    {
      "camera_to_world": [
        0.6588527562760381,
        -0.19307592842726792,
        0.7270727139766807,
        1.8464473527342842,
        0.7520434862111841,
        0.14523126082074217,
        -0.6429140500313757,
        -1.662802775332526,
        0.018537540149550655,
        0.9703759924598124,
        0.24088751080709384,
        0.6344318545511018,
        0,
        0,
        0,
        1
      ],
      "fov": 50,
      "aspect": 1
    },
    {
      "camera_to_world": [
        0.6621734791323567,
        -0.19198774439737226,
        0.7243390018043759,
        1.8081847875513557,
        0.7490997042271178,
        0.14458547230825672,
        -0.646486406913744,
        -1.6382528380493224,
        0.01938857035975457,
        0.9706882852896739,
        0.23955862777365644,
        0.616816919537098,
        0,
        0,
        0,
        1
      ],
      "fov": 50,
      "aspect": 1
    },
    {
      "camera_to_world": [
        0.6664639798998787,
        -0.19100008253625048,
        0.720655765235497,
        1.7639739351466248,
        0.745267846384544,
        0.14469769017998682,
        -0.6508751152117589,
        -1.6121470424179116,
        0.020039976081770227,
        0.9708663898434853,
        0.2387820186507352,
        0.5990398825354075,
        0,
        0,
        0,
        1
      ],
      "fov": 50,
      "aspect": 1
    },
    {
      "camera_to_world": [
        0.671563267648994,
        -0.19009866210142254,
        0.7161461276945192,
        1.7144681383525584,
        0.7406635590526839,
        0.14548960321841398,
        -0.6559346519637149,
        -1.5844851474815191,
        0.020500483799585207,
        0.9709249579769785,
        0.23850462498950678,
        0.5811492542170662,
        0,
        0,
        0,
        1
      ],
      "fov": 50,
      "aspect": 1
    },
    {
      "camera_to_world": [
        0.6773192384499958,
        -0.18926863170720837,
        0.7109261806103352,
        1.6603207400016244,
        0.7353957495555627,
        0.14688969315207392,
        -0.6615258948682974,
        -1.5552669122833698,
        0.02077837243698119,
        0.970876306795758,
        0.2386785623835945,
        0.5631935452531096,
        0,
        0,
        0,
        1
      ],
      "fov": 50,
      "aspect": 1
    },
    {
      "camera_to_world": [
        0.6835868768728602,
        -0.1884961463072559,
        0.7051086331867753,
        1.6021850829262907,
        0.7295703800699789,
        0.14883149948622956,
        -0.6675149775737074,
        -1.5244920958666888,
        0.02088162569714461,
        0.970730852290167,
        0.2392604650172073,
        0.5452212663145739,
        0,
        0,
        0,
        1
      ],
      "fov": 50,
      "aspect": 1
    },
    {
      "camera_to_world": [
        0.690226767060383,
        -0.18776966136221823,
        0.6988058130162409,
        1.540714509959023,
        0.7232935906338932,
        0.15125222965722532,
        -0.6737723241360154,
        -1.4921604572747005,
        0.02081806382211782,
        0.9704974586755165,
        0.2402109300657702,
        0.5272809280724945,
        0,
        0,
        0,
        1
      ],
      "fov": 50,
      "aspect": 1
    },
    {
      "camera_to_world": [
        0.6971038592618548,
        -0.1870810265173891,
        0.6921321397821577,
        1.4765623639322905,
        0.7166742890900853,
        0.15409165961469765,
        -0.6801718340202048,
        -1.458271755550631,
        0.020595454825010535,
        0.9701837196914757,
        0.24149405227906312,
        0.5094210411979074,
        0,
        0,
        0,
        1
      ],
      "fov": 50,
      "aspect": 1
    },
    {
      "camera_to_world": [
        0.7040864290602858,
        -0.1864264295465575,
        0.685206163705244,
        1.4103819876785595,
        0.7098263076819588,
        0.15729127225484904,
        -0.6865901751372855,
        -1.4228257497377046,
        0.020221605666527517,
        0.9697961858241007,
        0.2430770343436296,
        0.4916901163618482,
        0,
        0,
        0,
        1
      ],
      "fov": 50,
      "aspect": 1
    },
    {
      "camera_to_world": [
        0.7110451593124424,
        -0.1858072194642079,
        0.678152238522681,
        1.342826724030298,
        0.7028701990341598,
        0.16079358183139095,
        -0.6929061317029258,
        -1.3858221988791461,
        0.01970443422238322,
        0.9693405496711728,
        0.24492985533651118,
        0.4741366642353527,
        0,
        0,
        0,
        1
      ],
      "fov": 50,
      "aspect": 1
    },
    {
      "camera_to_world": [
        0.7178522678725583,
        -0.1852306227303988,
        0.6711018834075296,
        1.2745499158199736,
        0.6959347253274332,
        0.16454159115103706,
        -0.6989999448246867,
        -1.347260862018181,
        0.01905202334805846,
        0.9688218005311368,
        0.2470249769192407,
        0.45680919548945675,
        0,
        0,
        0,
        1
      ],
      "fov": 50,
      "aspect": 1
    },
    {
      "camera_to_world": [
        0.7243805969982544,
        -0.18471035627322177,
        0.6641948772595826,
        1.2062049058800537,
        0.6891580810140346,
        0.16847832505940538,
        -0.7047525759855231,
        -1.3071414981980343,
        0.018272658961024955,
        0.9682443587600171,
        0.24933706436047018,
        0.43975622079519605,
        0,
        0,
        0,
        1
      ],
      "fov": 50,
      "aspect": 1
    },
    {
      "camera_to_world": [
        0.7305025728255042,
        -0.18426713389820423,
        0.6575801201832824,
        1.138445037043005,
        0.6826888790026746,
        0.1725463787074679,
        -0.7100448166707581,
        -1.2654638664619302,
        0.017374854859549566,
        0.9676122005017715,
        0.25184269665552983,
        0.4230262508236064,
        0,
        0,
        0,
        1
      ],
      "fov": 50,
      "aspect": 1
    },
    {
      "camera_to_world": [
        0.7360889355374077,
        -0.18392905688083694,
        0.6514162885700142,
        1.071923652141295,
        0.6766869204029877,
        0.1766874127256284,
        -0.714756161176554,
        -1.2222277258530947,
        0.016367367990203913,
        0.9669289840620403,
        0.2545200366293859,
        0.40666779624572347,
        0,
        0,
        0,
        1
      ],
      "fov": 50,
      "aspect": 1
    },
    {
      "camera_to_world": [
        0.7410071330790062,
        -0.1837318733258797,
        0.6458722996461413,
        1.0072940940073922,
        0.6713237559217585,
        0.18084152013901347,
        -0.7187633541917076,
        -1.1774328354147525,
        0.01525920905994661,
        0.9661981904961184,
        0.25734842766353017,
        0.3907293677325832,
        0,
        0,
        0,
        1
      ],
      "fov": 50,
      "aspect": 1
    },
    {
      "camera_to_world": [
        0.7451192639498856,
        -0.1837190820445262,
        0.6411275858856001,
        0.9452097054737636,
        0.6667830296272635,
        0.18494638212735603,
        -0.7219385203319532,
        -1.1310789541901285,
        0.014059654756382448,
        0.9654232929812283,
        0.26030787824691876,
        0.3752594759552213,
        0,
        0,
        0,
        1
      ],
      "fov": 50,
      "aspect": 1
    },
    {
      "camera_to_world": [
        0.7482794486581537,
        -0.1839418425260053,
        0.6373721560313003,
        0.8863238293728759,
        0.663260569118442,
        0.18893612227509068,
        -0.7241467801159739,
        -1.0831658412224476,
        0.012778269387138313,
        0.9646079723223266,
        0.26337838856610746,
        0.3603066315846736,
        0,
        0,
        0,
        1
      ],
      "fov": 50,
      "aspect": 1
    },
    {
      "camera_to_world": [
        0.7503305066927518,
        -0.1844586296304289,
        0.634806383617133,
        0.8312898085371974,
        0.6609641452810339,
        0.1927397630076388,
        -0.7252432574031085,
        -1.0336932555549345,
        0.011424945475183317,
        0.9637563995692187,
        0.2665390645107496,
        0.3459193452919755,
        0,
        0,
        0,
        1
      ],
      "fov": 50,
      "aspect": 1
    },
    {
      "camera_to_world": [
        0.7510998199595086,
        -0.1853345356252939,
        0.633640410928273,
        0.7807609857991942,
        0.6601127637475345,
        0.196279185808686,
        -0.7250693900282034,
        -0.9826609562308148,
        0.01000997474450953,
        0.9628736111883199,
        0.26976695365218156,
        0.3321461277481631,
        0,
        0,
        0,
        1
      ],
      "fov": 50,
      "aspect": 1
    },
    {
      "camera_to_world": [
        0.7503942811811651,
        -0.1866400679948644,
        0.6340929803975712,
        0.7353907039913361,
        0.6609352616178885,
        0.19946650298402752,
        -0.7234484737266479,
        -0.9300687022933137,
        0.008544162960499395,
        0.9619660073028545,
        0.27303552529498626,
        0.3190354896242723,
        0,
        0,
        0,
        1
      ],
      "fov": 50,
      "aspect": 1
    },
    {
      "camera_to_world": [
        0.747994268487102,
        -0.18844921342053117,
        0.6363893998737159,
        0.6958323059460887,
        0.6636678587451834,
        0.20220077123233282,
        -0.7201804089126788,
        -0.8759162527856555,
        0.007039004121924012,
        0.9610420084857025,
        0.27631270391847457,
        0.30663594159133856,
        0,
        0,
        0,
        1
      ],
      "fov": 50,
      "aspect": 1
    },
    {
      "camera_to_world": [
        0.7436466749090808,
        -0.19083643145909016,
        0.6407582065995161,
        0.662739134495919,
        0.6685501451688789,
        0.2043640300523904,
        -0.7150356960428037,
        -0.8202033667510656,
        0.005506931208856064,
        0.9601129098437879,
        0.2795583553749651,
        0.2949959943203978,
        0,
        0,
        0,
        1
      ],
      "fov": 50,
      "aspect": 1
    },
    {
      "camera_to_world": [
        0.7370571848682776,
        -0.1938721042674639,
        0.6474259134611121,
        0.636764532473296,
        0.6758187711756081,
        0.20581675390172496,
        -0.707748862478809,
        -0.7629298032327687,
        0.003961661361245429,
        0.9591939694348908,
        0.2827211245007992,
        0.28416415848248566,
        0,
        0,
        0,
        1
      ],
      "fov": 50,
      "aspect": 1
    },
    {
      "camera_to_world": [
        0.7278822753319761,
        -0.19761580946902835,
        0.6566090047398422,
        0.6185618427106867,
        0.685697851376203,
        0.20639300093578258,
        -0.6980117375680589,
        -0.7040953212739905,
        0.002418651608681433,
        0.9583057554938417,
        0.28573454308461393,
        0.2741889447486382,
        0,
        0,
        0,
        1
      ],
      "fov": 50,
      "aspect": 1
    },
    {
      "camera_to_world": [
        0.7157218901904636,
        -0.20210663160618383,
        0.6685021206869821,
        0.6087844080405578,
        0.6983848320726704,
        0.2058958715459878,
        -0.685467370785179,
        -0.6436996799179551,
        0.0008956746161523086,
        0.9574757435784578,
        0.288512388340365,
        0.26511886378989075,
        0,
        0,
        0,
        1
      ],
      "fov": 50,
      "aspect": 1
    },
    {
      "camera_to_world": [
        0.7002899252675953,
        -0.20728587952460112,
        0.6831007134518441,
        0.6079071736692887,
        0.7138582917849816,
        0.20414992064588997,
        -0.6698724872317902,
        -0.5822027498101853,
        -0.0005998487591710455,
        0.9567420624442041,
        0.29093687654107503,
        0.2570434880456131,
        0,
        0,
        0,
        1
      ],
      "fov": 50,
      "aspect": 1
    },
    {
      "camera_to_world": [
        0.682867201978471,
        -0.2125261049253291,
        0.6989456625427775,
        0.6145668293316372,
        0.730539308602619,
        0.20149589667210488,
        -0.652465878196486,
        -0.5237780192324154,
        -0.002168651309351982,
        0.9561548296952603,
        0.292853612922781,
        0.25035519694304337,
        0,
        0,
        0,
        1
      ],
      "fov": 50,
      "aspect": 1
    },
    {
      "camera_to_world": [
        0.6638237321727979,
        -0.21762801779260857,
        0.7155250509072605,
        0.6279607725289109,
        0.7478793160245388,
        0.1980481686441961,
        -0.6336035444655816,
        -0.46922366701331836,
        -0.0038185425028126607,
        0.9557274552760009,
        0.29422856755389015,
        0.24509143468861727,
        0,
        0,
        0,
        1
      ],
      "fov": 50,
      "aspect": 1
    },
    {
      "camera_to_world": [
        0.6431839525970885,
        -0.2225321093346968,
        0.732662175519275,
        0.6476204836760671,
        0.7656917522456425,
        0.19382418575138743,
        -0.613309322903875,
        -0.41828750398365,
        -0.005526632300429629,
        0.9554640994474163,
        0.29505560662789254,
        0.24119065297108266,
        0,
        0,
        0,
        1
      ],
      "fov": 50,
      "aspect": 1
    },
    {
      "camera_to_world": [
        0.6209914798122127,
        -0.22717803213007368,
        0.750173129162959,
        0.6730774431880625,
        0.783783603871357,
        0.18885387263401304,
        -0.591622748965558,
        -0.3707173409741657,
        -0.007269408715020409,
        0.9553660850734881,
        0.29533506257857495,
        0.23859130347918758,
        0,
        0,
        0,
        1
      ],
      "fov": 50,
      "aspect": 1
    },
    {
      "camera_to_world": [
        0.5973091971319255,
        -0.23150745941955214,
        0.7678710954676696,
        0.7038631314798541,
        0.801960290653386,
        0.18317918466589497,
        -0.5685992248678102,
        -0.326260988815622,
        -0.009023039219201945,
        0.9554316734012132,
        0.2950744011685974,
        0.23723183790167993,
        0,
        0,
        0,
        1
      ],
      "fov": 50,
      "aspect": 1
    },
    {
      "camera_to_world": [
        0.5722183253372636,
        -0.23546691678194415,
        0.7855708238277582,
        0.739509028966399,
        0.820030688770467,
        0.17685301062789024,
        -0.5443093625012204,
        -0.2846662583387742,
        -0.010763717891663083,
        0.9556559756173015,
        0.29428863152370044,
        0.2370507079273077,
        0,
        0,
        0,
        1
      ],
      "fov": 50,
      "aspect": 1
    },
    {
      "camera_to_world": [
        0.5458164686302109,
        -0.2390103720928751,
        0.8030930360824152,
        0.7795466160626546,
        0.8378119900099447,
        0.16993744404254346,
        -0.5188374837151457,
        -0.24568096037437803,
        -0.012468037841723775,
        0.9560310178777218,
        0.29300041107149416,
        0.23798636524481884,
        0,
        0,
        0,
        1
      ],
      "fov": 50,
      "aspect": 1
    },
    {
      "camera_to_world": [
        0.518214721095729,
        -0.24210138318262459,
        0.8202685067102942,
        0.8235073731835776,
        0.8551340922765093,
        0.1625015119182065,
        -0.4922793341698673,
        -0.2090529057531895,
        -0.01411336480456599,
        0.9565459627667438,
        0.2912398222230887,
        0.23997726154296128,
        0,
        0,
        0,
        1
      ],
      "fov": 50,
      "aspect": 1
    },
    {
      "camera_to_world": [
        0.489534006155401,
        -0.2447146415624643,
        0.8369415756326116,
        0.8709227807441247,
        0.8718432492552591,
        0.15461850867731464,
        -0.464739137046188,
        -0.17452990530596474,
        -0.01567818693204948,
        0.9571874743117764,
        0.28904382621873437,
        0.242961848510483,
        0,
        0,
        0,
        1
      ],
      "fov": 50,
      "aspect": 1
    },
    {
      "camera_to_world": [
        0.45990088927698186,
        -0.24683680979476286,
        0.8529728960363192,
        0.9213243191592534,
        0.8878047699527055,
        0.1463631239065604,
        -0.43632616975095234,
        -0.14185976986345894,
        -0.01714241790020821,
        0.9579401992246994,
        0.2864554279776833,
        0.24687857783613204,
        0,
        0,
        0,
        1
      ],
      "fov": 50,
      "aspect": 1
    },
    {
      "camera_to_world": [
        0.42944314298526326,
        -0.24846662038601097,
        0.8682412829950513,
        0.9742434688439201,
        0.9029046429652969,
        0.1378085688889019,
        -0.4071510825879041,
        -0.11079031025642849,
        -0.018487635182689918,
        0.9587873262067803,
        0.2835226101223764,
        0.2516659012086562,
        0,
        0,
        0,
        1
      ],
      "fov": 50,
      "aspect": 1
    },
    {
      "camera_to_world": [
        0.39828534870219023,
        -0.24961427441146355,
        0.88264460289474,
        1.0292117102130824,
        0.9170500529794497,
        0.12902389703103723,
        -0.37732218901797016,
        -0.08106933731562868,
        -0.01969724192782595,
        0.9597111794727425,
        0.2802971113933817,
        0.2572622703168036,
        0,
        0,
        0,
        1
      ],
      "fov": 50,
      "aspect": 1
    },
    {
      "camera_to_world": [
        0.3665447937533609,
        -0.25030023794697626,
        0.896099718254611,
        1.085760523681697,
        0.9301688448207944,
        0.12007168056206985,
        -0.3469419427681657,
        -0.05244466187181589,
        -0.020756548293370355,
        0.9606938026294785,
        0.27683313257675224,
        0.26360613684932205,
        0,
        0,
        0,
        1
      ],
      "fov": 50,
      "aspect": 1
    },
    {
      "camera_to_world": [
        0.33432787076526943,
        -0.25055357607722306,
        0.9085415677581717,
        1.1434213896647207,
        0.9422080620290539,
        0.11100615733853814,
        -0.3161037818191778,
        -0.024664094755745547,
        -0.021652775272836433,
        0.9617174941467204,
        0.27318605157499737,
        0.27063595249495964,
        0,
        0,
        0,
        1
      ],
      "fov": 50,
      "aspect": 1
    },
    {
      "camera_to_world": [
        0.30172712062168633,
        -0.25040998411977805,
        0.919921509985759,
        1.2017257885771118,
        0.9531317351232831,
        0.1018719062360917,
        -0.2848894701822179,
        0.0025245532018268457,
        -0.02237499010561196,
        0.9627652645234754,
        0.26941121959713615,
        0.2782901689424643,
        0,
        0,
        0,
        1
      ],
      "fov": 50,
      "aspect": 1
    },
    {
      "camera_to_world": [
        0.2688189900031241,
        -0.24990967429495164,
        0.9302050877669352,
        1.2602052008338254,
        0.9629181168851374,
        0.09270305623383933,
        -0.2533670135185053,
        0.029373471170144855,
        -0.022913986734767366,
        0.9638211961036637,
        0.2655628949104564,
        0.28650723788058385,
        0,
        0,
        0,
        1
      ],
      "fov": 50,
      "aspect": 1
    },
    {
      "camera_to_world": [
        0.23566230990738635,
        -0.24909525725924025,
        0.9393693780936593,
        1.318391106849819,
        0.9715565599203453,
        0.0835229898290324,
        -0.22158917177011167,
        0.05613484831845264,
        -0.023262127264283256,
        0.9648706975449987,
        0.2616933519487418,
        0.29522561099806643,
        0,
        0,
        0,
        1
      ],
      "fov": 50,
      "aspect": 1
    },
    {
      "camera_to_world": [
        0.20229744938679767,
        -0.24800972749083797,
        0.9474000828802562,
        1.3758149870400505,
        0.9790442103698814,
        0.07434447000684752,
        -0.18959254711252946,
        0.0830608738159947,
        -0.02341316110250378,
        0.9659006547514714,
        0.25785218447371544,
        0.30438373998366,
        0,
        0,
        0,
        1
      ],
      "fov": 50,
      "aspect": 1
    },
    {
      "camera_to_world": [
        0.16874606279197138,
        -0.24669462566143374,
        0.9542884930470309,
        1.4320083218194761,
        0.9853826573879036,
        0.06517010292038654,
        -0.15739719249243256,
        0.1104037368320151,
        -0.0233620378255343,
        0.9668994877209891,
        0.2540858040771405,
        0.3139200765261123,
        0,
        0,
        0,
        1
      ],
      "fov": 50,
      "aspect": 1
    },
    {
      "camera_to_world": [
        0.13501132989282624,
        -0.24518841526122248,
        0.960028427611527,
        1.486502591603054,
        0.9905746374371286,
        0.055993044676792746,
        -0.12500666627873958,
        0.13841562653575884,
        -0.023104728236270664,
        0.9678571278703862,
        0.2504371209777318,
        0.32377307231417163,
        0,
        0,
        0,
        1
      ],
      "fov": 50,
      "aspect": 1
    },
    {
      "camera_to_world": [
        0.10107858497412038,
        -0.2435250788091317,
        0.9646132155691397,
        1.5388292768057394,
        0.9946208511897883,
        0.04679786768610348,
        -0.09240845177003709,
        0.1673487320964686,
        -0.022638066130543286,
        0.9687649330828609,
        0.24694538341671626,
        0.33388117903658565,
        0,
        0,
        0,
        1
      ],
      "fov": 50,
      "aspect": 1
    },
    {
      "camera_to_world": [
        0.06691624074814813,
        -0.24173291327668944,
        0.9680327553150774,
        1.5885198578424906,
        0.997516913016611,
        0.037561516855137006,
        -0.059574664895006256,
        0.19745524268338938,
        -0.021959621352539618,
        0.9696155583994646,
        0.2436461449310194,
        0.34418284838210234,
        0,
        0,
        0,
        1
      ],
      "fov": 50,
      "aspect": 1
    },
    {
      "camera_to_world": [
        0.032476932703543224,
        -0.23983348573868243,
        0.9702706570646165,
        1.6351058151282645,
        0.9992504213246065,
        0.028254305602876742,
        -0.026462987312387207,
        0.22898734746576588,
        -0.021067613172019342,
        0.9704027995288,
        0.24057132485377739,
        0.3546165320394699,
        0,
        0,
        0,
        1
      ],
      "fov": 50,
      "aspect": 1
    },
    {
      "camera_to_world": [
        -0.002301163357542782,
        -0.23784069857619408,
        0.9713014499875875,
        1.6781186290780177,
        0.9997981137373663,
        0.018840923962762518,
        0.006982216799412661,
        0.26219723561284136,
        -0.01996087208531986,
        0.9711214247894119,
        0.23774932576261096,
        0.36512068169743606,
        0,
        0,
        0,
        1
      ],
      "fov": 50,
      "aspect": 1
    },
    {
      "camera_to_world": [
        -0.03749285529748793,
        -0.23575990811833214,
        0.9710878186475604,
        1.7170897801067064,
        0.9991230548711382,
        0.009281454476894333,
        0.040828615305424164,
        0.2973370962938602,
        -0.018638857974849484,
        0.9717670092809433,
        0.2352051713856744,
        0.3756337490447489,
        0,
        0,
        0,
        1
      ],
      "fov": 50,
      "aspect": 1
    },
    {
      "camera_to_world": [
        -0.07318427793863883,
        -0.23358704069642475,
        0.9695778235300593,
        1.7515507486292892,
        0.997171796553288,
        -0.0004675844373157426,
        0.07515443781628557,
        0.33465911867806686,
        -0.0171017432236605,
        0.9723357834531652,
        0.23296062885224014,
        0.3860941857701563,
        0,
        0,
        0,
        1
      ],
      "fov": 50,
      "aspect": 1
    },
    {
      "camera_to_world": [
        -0.10947099242387645,
        -0.23130765534851605,
        0.9667020587517664,
        1.7810330150607228,
        0.9938714513414516,
        -0.010452123387840906,
        0.11004676880818513,
        0.37441549193470536,
        -0.015350570874348225,
        0.9728245071408601,
        0.23103427944782165,
        0.39644044356240626,
        0,
        0,
        0,
        1
      ],
      "fov": 50,
      "aspect": 1
    },
    {
      "camera_to_world": [
        -0.1464557327597553,
        -0.22889591322363362,
        0.9623707078103124,
        1.8050680598159632,
        0.9891266315192702,
        -0.02071928523261483,
        0.1455995124950345,
        0.4168584052330204,
        -0.01338750018283149,
        0.9732303797811536,
        0.22944150171642083,
        0.4066109741102467,
        0,
        0,
        0,
        1
      ],
      "fov": 50,
      "aspect": 1
    },
    {
      "camera_to_world": [
        -0.18424563981033462,
        -0.22631343149221464,
        0.9564704778178463,
        1.8231873633099678,
        0.9828162300666229,
        -0.0313158893198612,
        0.18191089300461766,
        0.46224004774225524,
        -0.011216154800629697,
        0.9735509980490621,
        0.2281943296165867,
        0.4165442291024257,
        0,
        0,
        0,
        1
      ],
      "fov": 50,
      "aspect": 1
    },
    {
      "camera_to_world": [
        -0.222948766729136,
        -0.22350802696947958,
        0.9488614278671927,
        1.8349224059576938,
        0.9747900619222147,
        -0.04228659023019976,
        0.21908030368882542,
        0.5108126086316547,
        -0.008842092039901541,
        0.9737843735483301,
        0.2273011465906944,
        0.4261786602276909,
        0,
        0,
        0,
        1
      ],
      "fov": 50,
      "aspect": 1
    },
    {
      "camera_to_world": [
        -0.2626695793445074,
        -0.22041239591680248,
        0.9393737636389438,
        1.8398046681740992,
        0.9648654498709974,
        -0.05367149444861048,
        0.2572042657672898,
        0.5628282770704631,
        -0.0062734147174724544,
        0.9739290253452084,
        0.22676617441301755,
        0.43545271917479084,
        0,
        0,
        0,
        1
      ],
      "fov": 50,
      "aspect": 1
    },
    {
      "camera_to_world": [
        -0.3035031146231835,
        -0.21694283737964137,
        0.9278047557130202,
        1.8373656303741397,
        0.9528239386719791,
        -0.06550307072103809,
        0.29637120241300646,
        0.6185392422279234,
        -0.003521549040308207,
        0.9739841646740388,
        0.22658871475996228,
        0.44430485763247285,
        0,
        0,
        0,
        1
      ],
      "fov": 50,
      "aspect": 1
    },
    {
      "camera_to_world": [
        -0.3455274096965114,
        -0.2129982149073631,
        0.9139160626636869,
        1.8271367729727719,
        0.9384084646303289,
        -0.07780215165643346,
        0.33665468763672113,
        0.6781976932732818,
        -0.0006022113982068061,
        0.9739499913465302,
        0.22676210375088204,
        0.45267352728948546,
        0,
        0,
        0,
        1
      ],
      "fov": 50,
      "aspect": 1
    },
    {
      "camera_to_world": [
        -0.3881436239257244,
        -0.20835974795966108,
        0.8977364550000141,
        1.8103556788541257,
        0.9215956924991816,
        -0.09032202990273369,
        0.37749610657754323,
        0.7411499931045561,
        0.0024303853110351358,
        0.9738727567523573,
        0.22708136621661348,
        0.46043002949551837,
        0,
        0,
        0,
        1
      ],
      "fov": 50,
      "aspect": 1
    },
    {
      "camera_to_world": [
        -0.4298739233460641,
        -0.20281461983075413,
        0.8798151169478557,
        1.7903651717145028,
        0.9028724666326793,
        -0.10244374911974648,
        0.41752435529309184,
        0.8054937273908992,
        0.005451515723517403,
        0.973843677521807,
        0.22715363243214742,
        0.46743396974218565,
        0,
        0,
        0,
        1
      ],
      "fov": 50,
      "aspect": 1
    },
    {
      "camera_to_world": [
        -0.4704212238625693,
        -0.1964698138868854,
        0.8602926736703592,
        1.7673414316924851,
        0.8824021953639016,
        -0.11399031478018373,
        0.4564784482900388,
        0.8708977528196349,
        0.00838079689585196,
        0.9738612942136919,
        0.22698885848389838,
        0.4737293318985697,
        0,
        0,
        0,
        1
      ],
      "fov": 50,
      "aspect": 1
    },
    {
      "camera_to_world": [
        -0.509564304557478,
        -0.18946139740927673,
        0.8393143620912119,
        1.741357618719106,
        0.8603603532234622,
        -0.12483166672196673,
        0.4941630475709565,
        0.9370840051976197,
        0.011148189182709961,
        0.9739206507078183,
        0.22661483623718584,
        0.4793650331666992,
        0,
        0,
        0,
        1
      ],
      "fov": 50,
      "aspect": 1
    },
    {
      "camera_to_world": [
        -0.5471235411657245,
        -0.18193864739804042,
        0.8170398761904154,
        1.712486892725398,
        0.8369398514157237,
        -0.13487318754934233,
        0.5304157882194933,
        1.0037744203317116,
        0.013693641389501257,
        0.9740161969203857,
        0.22606400050039877,
        0.48438999074860306,
        0,
        0,
        0,
        1
      ],
      "fov": 50,
      "aspect": 1
    },
    {
      "camera_to_world": [
        -0.5829626199277427,
        -0.17405580406860321,
        0.7936366680270098,
        1.6808024136423922,
        0.8123420526494188,
        -0.14405632408346256,
        0.5651089850541124,
        1.0706909340287716,
        0.0159678822738325,
        0.9741418544347596,
        0.22537230125748947,
        0.48885312184631036,
        0,
        0,
        0,
        1
      ],
      "fov": 50,
      "aspect": 1
    },
    {
      "camera_to_world": [
        -0.6169878891052119,
        -0.16596445750218816,
        0.7692735167308824,
        1.6463773414011234,
        0.7867683031810286,
        -0.15235709374525347,
        0.598149607619319,
        1.137555482095655,
        0.017932702170620877,
        0.9742910832146132,
        0.22457805627744523,
        0.49280334366184975,
        0,
        0,
        0,
        1
      ],
      "fov": 50,
      "aspect": 1
    },
    {
      "camera_to_world": [
        -0.6491457406899511,
        -0.1578070699372241,
        0.7441147331036544,
        1.609284835932622,
        0.7604125086388983,
        -0.1597829104037268,
        0.6294777503998152,
        1.2040900003392219,
        0.019560778348324148,
        0.9744569514456464,
        0.22372086565554192,
        0.49628957339725016,
        0,
        0,
        0,
        1
      ],
      "fov": 50,
      "aspect": 1
    },
    {
      "camera_to_world": [
        -0.6794185277129557,
        -0.1497119282168247,
        0.7183152530400283,
        1.5695980571679222,
        0.7334550849363262,
        -0.166368258526869,
        0.6590639126335044,
        1.2700164245663284,
        0.020835128543069934,
        0.9746322081197282,
        0.22284065229274605,
        0.4993607282545403,
        0,
        0,
        0,
        1
      ],
      "fov": 50,
      "aspect": 1
    },
    {
      "camera_to_world": [
        -0.707819551924876,
        -0.14178961899484366,
        0.6920167525849101,
        1.527390165038056,
        0.7060584208823447,
        -0.17216975211926716,
        0.6869054394575136,
        1.3350566905838335,
        0.021748292208757725,
        0.9748093559258071,
        0.22197687128508528,
        0.5020657254357492,
        0,
        0,
        0,
        1
      ],
      "fov": 50,
      "aspect": 1
    },
    {
      "camera_to_world": [
        -0.7343876183767802,
        -0.13413095254073665,
        0.6653448080096479,
        1.4827343194740559,
        0.6783638228920085,
        -0.17726105562255368,
        0.7130224694572519,
        1.3989327341985955,
        0.022301340009525997,
        0.9749807206966159,
        0.22116791020328178,
        0.5044534821429058,
        0,
        0,
        0,
        1
      ],
      "fov": 50,
      "aspect": 1
    },
    {
      "camera_to_world": [
        -0.7591815705671224,
        -0.12680614424159178,
        0.6384070368454737,
        1.4357036804069547,
        0.6504897899201324,
        -0.1817280439417443,
        0.7374536943122392,
        1.4613664912174724,
        0.022502802512120487,
        0.9751385131496387,
        0.22045068394407946,
        0.5065729155780386,
        0,
        0,
        0,
        1
      ],
      "fov": 50,
      "aspect": 1
    },
    {
      "camera_to_world": [
        -0.7822751157184673,
        -0.1198649980901605,
        0.6112920951235216,
        1.386371407767785,
        0.6225313920652412,
        -0.185664463466647,
        0.760252177174755,
        1.5220798974473229,
        0.022367593097418786,
